4639.310025
4652.693254
4666.238912
4679.933925
4693.765077
4707.71902
4721.782287
4735.941306
4750.182413
4764.491865
4778.85585
4793.260508
4807.691937
4822.136208
4836.579383
4851.007523
4865.406704
4879.763028
4894.062643
4908.291746
4922.436607
4936.483574
4950.419091
4964.229709
4977.902101
4991.42307
5004.779569
5017.958707
5030.947766
5043.73421
5056.3057
5068.650102
5080.755505
5092.610224
5104.20282
5115.522105
5126.557155
5137.29732
5147.732236
5157.851831
5167.646339
5177.106309
5186.222611
5194.986447
5203.389358
5211.423237
5219.080328
5226.353244
5233.234964
5239.718848
5245.798638
5265.515151
5549.418523
