-3749.965243
-3744.528156
-3739.509401
-3734.913821
-3730.74585
-3727.009513
-3723.708414
-3720.845739
-3718.424251
-3716.446286
-3714.913755
-3713.828135
-3713.190474
-3713.001388
-3713.26106
-3713.969237
-3715.125239
-3716.727947
-3718.775817
-3721.266871
-3724.198706
-3727.568491
-3731.372976
-3735.608487
-3740.270939
-3745.355831
-3750.858255
-3756.772903
-3763.094064
-3769.81564
-3776.931144
-3784.433707
-3792.316091
-3800.570687
-3809.18953
-3818.164302
-3827.486341
-3837.146651
-3847.13591
-3857.444476
-3868.062401
-3878.979438
-3890.185052
-3901.668428
-3913.418484
-3925.42388
-3937.673031
-3950.154114
-3962.855085
-3975.763686
-3988.867461
-4266.838971
-4550.742344
